acc_origin_no = [0.251750000000000	0.247500000000000	0.247250000000000	0.255083333333333	0.251333333333333	0.249916666666667	0.251166666666667	0.248333333333333	0.250500000000000	0.329750000000000	0.429583333333333	0.519416666666667	0.571750000000000	0.634916666666667	0.693750000000000	0.784250000000000	0.809416666666667	0.818416666666667	0.882500000000000	0.983250000000000	0.998000000000000];
acc_origin_soft = [0.248750000000000	0.251750000000000	0.247833333333333	0.256250000000000	0.249583333333333	0.252500000000000	0.248250000000000	0.249833333333333	0.251416666666667	0.365583333333333	0.506583333333333	0.566416666666667	0.652250000000000	0.743583333333333	0.788666666666667	0.844333333333333	0.897416666666667	0.933166666666667	0.983916666666667	1	1];
acc_origin_fc = [0.249250000000000	0.248833333333333	0.247166666666667	0.255416666666667	0.250833333333333	0.250583333333333	0.248583333333333	0.249000000000000	0.249916666666667	0.353583333333333	0.507833333333333	0.567333333333333	0.647166666666667	0.747500000000000	0.810833333333333	0.874500000000000	0.922000000000000	0.953666666666667	0.990583333333333	1	1];
acc_origin_voting = [0.250697916666667	0.250625000000000	0.248291666666667	0.251854166666667	0.250322916666667	0.248656250000000	0.250177083333333	0.249729166666667	0.251531250000000	0.331927083333333	0.426875000000000	0.519468750000000	0.574562500000000	0.634437500000000	0.686666666666667	0.764531250000000	0.792500000000000	0.797322916666667	0.861291666666667	0.952750000000000	0.966687500000000];

acc_add2_no = [0.248000000000000	0.251666666666667	0.238416666666667	0.246666666666667	0.248666666666667	0.248583333333333	0.247250000000000	0.256333333333333	0.381833333333333	0.481833333333333	0.549916666666667	0.605000000000000	0.670833333333333	0.755000000000000	0.785000000000000	0.845500000000000	0.844333333333333	0.963083333333333	0.992916666666667	0.999166666666667	0.999833333333333];
acc_add2_soft = [0.246666666666667	0.249333333333333	0.249250000000000	0.249166666666667	0.257500000000000	0.255500000000000	0.258916666666667	0.263500000000000	0.426500000000000	0.518666666666667	0.577333333333333	0.636583333333333	0.699833333333333	0.725416666666667	0.745250000000000	0.816750000000000	0.864000000000000	0.960000000000000	0.994583333333333	0.999833333333333	1];
acc_add2_fc = [0.246500000000000	0.247666666666667	0.251916666666667	0.247583333333333	0.255750000000000	0.258250000000000	0.258916666666667	0.265583333333333	0.427916666666667	0.537000000000000	0.590583333333333	0.639250000000000	0.707333333333333	0.736166666666667	0.752333333333333	0.824833333333333	0.875000000000000	0.987083333333333	0.999833333333333	1	1];
acc_add2_voting = [0.250062500000000	0.253312500000000	0.246625000000000	0.246645833333333	0.252666666666667	0.253750000000000	0.254437500000000	0.261187500000000	0.387395833333333	0.476479166666667	0.545791666666667	0.584437500000000	0.657083333333333	0.724416666666667	0.752854166666667	0.805520833333333	0.822937500000000	0.908270833333333	0.932520833333333	0.937645833333333	0.937187500000000];

acc_add4_no = [0.241500000000000	0.244333333333333	0.248666666666667	0.251333333333333	0.250333333333333	0.261500000000000	0.320250000000000	0.429000000000000	0.517500000000000	0.579583333333333	0.642000000000000	0.669250000000000	0.790916666666667	0.830000000000000	0.825666666666667	0.884000000000000	0.975500000000000	0.998166666666667	0.999750000000000	0.999833333333333	1];
acc_add4_soft = [0.248916666666667	0.246250000000000	0.244833333333333	0.245166666666667	0.245083333333333	0.246583333333333	0.315083333333333	0.455500000000000	0.539916666666667	0.591250000000000	0.648500000000000	0.664166666666667	0.707000000000000	0.739000000000000	0.744166666666667	0.797083333333333	0.828166666666667	0.856500000000000	0.911750000000000	0.967750000000000	0.995083333333333];
acc_add4_fc = [0.246916666666667	0.246916666666667	0.246833333333333	0.246416666666667	0.246166666666667	0.247750000000000	0.316250000000000	0.467583333333333	0.552666666666667	0.592166666666667	0.647583333333333	0.664166666666667	0.718000000000000	0.749750000000000	0.759000000000000	0.824916666666667	0.901666666666667	0.980666666666667	0.999583333333333	1	1];
acc_add4_voting = [0.245625000000000	0.250291666666667	0.248375000000000	0.247583333333333	0.249958333333333	0.256916666666667	0.339458333333333	0.444708333333333	0.535583333333333	0.563250000000000	0.618166666666667	0.618875000000000	0.731125000000000	0.771750000000000	0.750291666666667	0.828166666666667	0.860541666666667	0.878333333333333	0.875625000000000	0.899541666666667	0.930041666666667];