acc_origin_no = [0.251583333333333	0.253333333333333	0.246583333333333	0.252583333333333	0.254333333333333	0.250666666666667	0.248416666666667	0.253083333333333	0.251083333333333	0.328666666666667	0.429500000000000	0.526416666666667	0.587333333333333	0.646000000000000	0.693500000000000	0.781250000000000	0.807250000000000	0.815750000000000	0.886666666666667	0.985000000000000	0.998416666666667];
acc_origin_soft = [0.252750000000000	0.249500000000000	0.246750000000000	0.243916666666667	0.248916666666667	0.252250000000000	0.250416666666667	0.245666666666667	0.248750000000000	0.401750000000000	0.521583333333333	0.588666666666667	0.686833333333333	0.767333333333333	0.806583333333333	0.866166666666667	0.921083333333333	0.954583333333333	0.993333333333333	1	1];
acc_origin_fc = [0.249833333333333	0.248083333333333	0.249666666666667	0.248166666666667	0.246416666666667	0.250083333333333	0.251333333333333	0.248083333333333	0.251083333333333	0.389000000000000	0.531250000000000	0.595583333333333	0.682416666666667	0.784000000000000	0.834583333333333	0.903500000000000	0.950583333333333	0.973083333333333	0.995166666666667	1	1];
acc_origin_voting = [0.249760416666667	0.250031250000000	0.250369791666667	0.248776041666667	0.250197916666667	0.252593750000000	0.249463541666667	0.249640625000000	0.251593750000000	0.327546875000000	0.426630208333333	0.521760416666667	0.573562500000000	0.634187500000000	0.687869791666667	0.762442708333333	0.793031250000000	0.798036458333333	0.860822916666667	0.952718750000000	0.966661458333334];

acc_add2_no = [0.250500000000000	0.256500000000000	0.258500000000000	0.252583333333333	0.244166666666667	0.253333333333333	0.250666666666667	0.257583333333333	0.375750000000000	0.489833333333333	0.553916666666667	0.603250000000000	0.679666666666667	0.753916666666667	0.787083333333333	0.851750000000000	0.848416666666667	0.963166666666667	0.993916666666667	0.999166666666667	0.999333333333333];
acc_add2_soft = [0.253583333333333	0.251083333333333	0.250750000000000	0.253250000000000	0.250833333333333	0.251750000000000	0.254250000000000	0.267916666666667	0.466250000000000	0.534833333333333	0.588500000000000	0.654833333333333	0.702250000000000	0.724333333333333	0.737916666666667	0.810916666666667	0.874416666666667	0.977083333333333	0.999416666666667	1	1];
acc_add2_fc = [0.255083333333333	0.252666666666667	0.256416666666667	0.256666666666667	0.251500000000000	0.252000000000000	0.255583333333333	0.266083333333333	0.465333333333333	0.554000000000000	0.604500000000000	0.659083333333333	0.703833333333333	0.731666666666667	0.747333333333333	0.837166666666667	0.897333333333333	0.997166666666667	1	1	1];
acc_add2_voting = [0.251718750000000	0.249645833333333	0.250906250000000	0.250062500000000	0.248833333333333	0.252656250000000	0.254114583333333	0.260000000000000	0.383604166666667	0.472927083333333	0.545291666666667	0.588364583333333	0.656447916666667	0.724875000000000	0.753385416666667	0.803041666666667	0.824572916666667	0.909583333333333	0.932677083333333	0.937520833333333	0.937125000000000];

acc_add3_no = [];
acc_add3_soft = [];
acc_add3_fc = [];
acc_add3_voting = [];

acc_add4_no = [0.254583333333333	0.250250000000000	0.250083333333333	0.249916666666667	0.248583333333333	0.251000000000000	0.328833333333333	0.427166666666667	0.522500000000000	0.579000000000000	0.641583333333333	0.660916666666667	0.797333333333333	0.833333333333333	0.826250000000000	0.887500000000000	0.975000000000000	0.997250000000000	0.999833333333333	0.999833333333333	0.999916666666667];
acc_add4_soft = [0.248166666666667	0.251000000000000	0.245666666666667	0.247250000000000	0.256166666666667	0.253750000000000	0.351083333333333	0.502250000000000	0.567666666666667	0.616666666666667	0.677000000000000	0.684750000000000	0.714833333333333	0.742833333333333	0.745250000000000	0.787666666666667	0.815416666666667	0.848166666666667	0.922083333333333	0.984333333333333	0.999250000000000];
acc_add4_fc = [0.245333333333333	0.248000000000000	0.245000000000000	0.246583333333333	0.253000000000000	0.254333333333333	0.346500000000000	0.513333333333333	0.577583333333333	0.617833333333333	0.675500000000000	0.671416666666667	0.716333333333333	0.757666666666667	0.758750000000000	0.825916666666667	0.914416666666667	0.993416666666667	1	1	1];
acc_add4_voting = [0.250145833333333	0.252020833333333	0.247708333333333	0.251875000000000	0.249312500000000	0.257395833333333	0.340166666666667	0.441270833333333	0.541520833333333	0.565208333333333	0.620958333333333	0.618479166666667	0.733375000000000	0.772166666666667	0.748333333333333	0.829187500000000	0.861645833333333	0.877916666666667	0.875875000000000	0.899625000000000	0.930395833333333];